data Vencovsk;
input progenie bloco@;
do plantas = 1 to 5;
input PRODUCAO@;
OUTPUT;
end;
cards;
1	1	1.40	1.50	1.30	1.55	1.40
2	1	1.30	1.50	1.55	1.70	1.40
3	1	1.75	1.60	1.55	1.45	1.50
4	1	1.30	1.30	1.30	1.50	1.40
5	1	1.80	1.75	2.00	1.60	1.50
6	1	1.40	1.50	1.75	1.60	1.55
7	1	1.20	1.25	1.45	1.45	1.60
8	1	1.45	1.60	1.60	1.60	1.70
9	1	1.40	1.35	1.45	1.40	1.25
10	1	1.55	1.50	1.65	1.55	1.70
11	1	1.30	1.15	1.30	1.60	1.60
12	1	1.70	1.30	1.80	1.60	1.70
13	1	1.50	1.40	1.40	1.35	1.20
14	1	1.80	1.80	1.55	1.50	1.40
15	1	1.45	1.50	1.45	1.30	1.40
16	1	1.60	1.45	1.35	1.40	1.45
17	1	1.55	1.30	1.60	1.60	1.40
18	1	1.70	1.25	1.30	1.50	1.45
19	1	1.35	1.45	1.50	1.50	1.30
20	1	1.60	1.25	1.40	1.50	1.45
21	1	1.70	1.70	1.35	1.45	1.25
22	1	1.55	1.30	1.15	1.35	1.30
23	1	1.60	1.45	1.30	1.65	1.60
24	1	1.40	1.70	1.50	1.15	1.30
25	1	1.55	1.25	1.45	1.45	1.20
1	2	1.35	1.90	1.65	1.45	1.80
2	2	1.35	1.60	1.25	1.30	1.45
3	2	1.55	1.60	1.50	1.60	1.85
4	2	1.20	1.35	1.45	1.50	1.35
5	2	1.55	1.50	1.45	1.50	1.45
6	2	1.85	1.55	1.75	1.50	1.65
7	2	1.25	1.50	1.50	1.65	1.30
8	2	1.75	1.45	1.55	1.70	1.30
9	2	1.35	1.55	1.20	1.30	1.20
10	2	1.60	1.50	1.60	1.65	1.95
11	2	1.60	1.90	1.55	1.90	1.80
12	2	1.30	1.30	1.55	1.40	1.45
13	2	1.65	1.40	1.35	1.60	1.20
14	2	1.60	1.60	1.45	1.55	1.75
15	2	1.35	1.20	1.50	1.75	1.00
16	2	1.50	1.30	1.45	1.50	1.60
17	2	1.50	1.35	1.35	1.45	1.25
18	2	1.60	1.75	1.75	1.50	1.80
19	2	1.45	1.65	1.55	1.45	1.40
20	2	1.65	1.35	1.25	1.45	1.65
21	2	1.50	1.70	1.60	1.55	1.60
22	2	1.40	1.30	1.10	1.40	1.40
23	2	1.50	1.65	1.40	1.30	1.15
24	2	1.75	1.40	1.50	1.50	1.45
25	2	1.70	1.55	1.30	1.45	1.60
;
proc glm;
title'Análise de variância I';
class progenie bloco;
model PRODUCAO = progenie bloco progenie*bloco;
random progenie bloco progenie*bloco/test;
run;quit;